0.0000092078 0.0000320959 0.0000092078
0.0000092078 0.0000320959 0.0000092078
0.0000087255 0.0000318036 0.0000087255
0.0000087255 0.0000318036 0.0000087255
0.0000086817 0.0000324759 0.0000086817
0.0000085063 0.0000329582 0.0000085063
0.0000085063 0.0000329582 0.0000085063
0.0000089155 0.0000322274 0.0000089155
0.0000089155 0.0000322274 0.0000089155
0.0000091348 0.0000322420 0.0000091348
0.0000091348 0.0000322420 0.0000091348
0.0000085794 0.0000321690 0.0000085794
0.0000085794 0.0000321690 0.0000085794
0.0000089155 0.0000322274 0.0000089155
0.0000089155 0.0000322274 0.0000089155
0.0000087255 0.0000320666 0.0000087255
0.0000087255 0.0000320666 0.0000087255
0.0000080678 0.0000321690 0.0000080678
0.0000080678 0.0000321690 0.0000080678
0.0000085647 0.0000325343 0.0000085647
0.0000085647 0.0000325343 0.0000085647
0.0000083894 0.0000326220 0.0000083894
0.0000083894 0.0000326220 0.0000083894
0.0000088278 0.0000326805 0.0000088278
0.0000088278 0.0000326805 0.0000088278
0.0000083894 0.0000324028 0.0000083894
0.0000083894 0.0000324028 0.0000083894
0.0000087255 0.0000325197 0.0000087255
0.0000087255 0.0000325197 0.0000087255
0.0000089155 0.0000324905 0.0000089155
0.0000089155 0.0000324905 0.0000089155
0.0000091348 0.0000326659 0.0000091348
0.0000091348 0.0000326659 0.0000091348
0.0000085355 0.0000322274 0.0000085355
0.0000082724 0.0000318474 0.0000082724
0.0000082724 0.0000318474 0.0000082724
0.0000085355 0.0000323297 0.0000085355
0.0000085355 0.0000323297 0.0000085355
0.0000083309 0.0000324028 0.0000083309
0.0000083309 0.0000324028 0.0000083309
0.0000089009 0.0000321251 0.0000089009
0.0000089009 0.0000321251 0.0000089009
0.0000087401 0.0000323005 0.0000087401
0.0000087401 0.0000323005 0.0000087401
0.0000085063 0.0000323005 0.0000085063
0.0000085063 0.0000323005 0.0000085063
0.0000086963 0.0000322713 0.0000086963
0.0000086963 0.0000322713 0.0000086963
0.0000086963 0.0000319643 0.0000086963
0.0000086963 0.0000319643 0.0000086963
0.0000087840 0.0000320082 0.0000087840
0.0000087840 0.0000320082 0.0000087840
0.0000083747 0.0000323736 0.0000083747
0.0000083747 0.0000323736 0.0000083747
0.0000089740 0.0000320666 0.0000089740
0.0000089740 0.0000320666 0.0000089740
0.0000087840 0.0000326074 0.0000087840
0.0000087840 0.0000326074 0.0000087840
0.0000085063 0.0000326367 0.0000085063
0.0000085063 0.0000326367 0.0000085063
0.0000090178 0.0000327974 0.0000090178
0.0000090178 0.0000327974 0.0000090178
0.0000091348 0.0000323590 0.0000091348
0.0000091348 0.0000323590 0.0000091348
0.0000095294 0.0000326074 0.0000095294
0.0000095294 0.0000326074 0.0000095294
0.0000089740 0.0000321251 0.0000089740
0.0000089740 0.0000321251 0.0000089740
0.0000090763 0.0000327974 0.0000090763
0.0000085501 0.0000327097 0.0000085501
0.0000085501 0.0000327097 0.0000085501
0.0000084186 0.0000325490 0.0000084186
0.0000084186 0.0000325490 0.0000084186
0.0000087401 0.0000322420 0.0000087401
0.0000087401 0.0000322420 0.0000087401
0.0000089009 0.0000318913 0.0000089009
0.0000089009 0.0000318913 0.0000089009
0.0000086671 0.0000323297 0.0000086671
0.0000086671 0.0000323297 0.0000086671
0.0000087401 0.0000327097 0.0000087401
0.0000087401 0.0000327097 0.0000087401
0.0000086378 0.0000325636 0.0000086378
0.0000086378 0.0000325636 0.0000086378
0.0000083747 0.0000321982 0.0000083747
0.0000083747 0.0000321982 0.0000083747
0.0000087694 0.0000320520 0.0000087694
0.0000087694 0.0000320520 0.0000087694
0.0000087255 0.0000326513 0.0000087255
0.0000087255 0.0000326513 0.0000087255
0.0000088424 0.0000321543 0.0000088424
0.0000088424 0.0000321543 0.0000088424
0.0000082724 0.0000326659 0.0000082724
0.0000082724 0.0000326659 0.0000082724
0.0000087548 0.0000322128 0.0000087548
0.0000087548 0.0000322128 0.0000087548
0.0000087694 0.0000319790 0.0000087694
0.0000087694 0.0000319790 0.0000087694
0.0000088278 0.0000323005 0.0000088278
0.0000087548 0.0000325197 0.0000087548
0.0000087548 0.0000325197 0.0000087548
0.0000087840 0.0000324613 0.0000087840
0.0000087840 0.0000324613 0.0000087840
0.0000082286 0.0000324028 0.0000082286
0.0000082286 0.0000324028 0.0000082286
0.0000090324 0.0000325490 0.0000090324
0.0000090324 0.0000325490 0.0000090324
0.0000092809 0.0000329582 0.0000092809
0.0000092809 0.0000329582 0.0000092809
0.0000090032 0.0000322128 0.0000090032
0.0000090032 0.0000322128 0.0000090032
0.0000083894 0.0000328559 0.0000083894
0.0000083894 0.0000328559 0.0000083894
0.0000086671 0.0000323590 0.0000086671
0.0000086671 0.0000323590 0.0000086671
0.0000082871 0.0000322420 0.0000082871
0.0000082871 0.0000322420 0.0000082871
0.0000084332 0.0000323005 0.0000084332
0.0000084332 0.0000323005 0.0000084332
0.0000085355 0.0000323151 0.0000085355
0.0000085355 0.0000323151 0.0000085355
0.0000085794 0.0000326513 0.0000085794
0.0000085794 0.0000326513 0.0000085794
0.0000090617 0.0000322274 0.0000090617
0.0000090617 0.0000322274 0.0000090617
0.0000087548 0.0000320082 0.0000087548
0.0000087548 0.0000320082 0.0000087548
0.0000087109 0.0000320520 0.0000087109
0.0000087109 0.0000320520 0.0000087109
0.0000090909 0.0000320666 0.0000090909
0.0000090909 0.0000320666 0.0000090909
0.0000088863 0.0000322128 0.0000088863
0.0000088863 0.0000322128 0.0000088863
0.0000086817 0.0000321836 0.0000086817
0.0000090471 0.0000320959 0.0000090471
0.0000090471 0.0000320959 0.0000090471
0.0000087840 0.0000319936 0.0000087840
0.0000087840 0.0000319936 0.0000087840
0.0000088424 0.0000320374 0.0000088424
0.0000088424 0.0000320374 0.0000088424
0.0000089886 0.0000320666 0.0000089886
0.0000089886 0.0000320666 0.0000089886
0.0000087840 0.0000320666 0.0000087840
0.0000087840 0.0000320666 0.0000087840
0.0000087255 0.0000320520 0.0000087255
0.0000087255 0.0000320520 0.0000087255
0.0000085355 0.0000317597 0.0000085355
0.0000085355 0.0000317597 0.0000085355
0.0000087255 0.0000320959 0.0000087255
0.0000087255 0.0000320959 0.0000087255
0.0000087840 0.0000322420 0.0000087840
0.0000087840 0.0000322420 0.0000087840
0.0000085940 0.0000322128 0.0000085940
0.0000085940 0.0000322128 0.0000085940
0.0000087109 0.0000326367 0.0000087109
0.0000087109 0.0000326367 0.0000087109
0.0000089740 0.0000321251 0.0000089740
0.0000089740 0.0000321251 0.0000089740
0.0000087986 0.0000323736 0.0000087986
0.0000087986 0.0000323736 0.0000087986
0.0000089886 0.0000318913 0.0000089886
0.0000089886 0.0000318913 0.0000089886
0.0000093394 0.0000321251 0.0000093394
0.0000092809 0.0000320228 0.0000092809
0.0000092809 0.0000320228 0.0000092809
0.0000090471 0.0000322566 0.0000090471
0.0000090471 0.0000322566 0.0000090471
0.0000091786 0.0000322859 0.0000091786
0.0000091786 0.0000322859 0.0000091786
0.0000084478 0.0000325636 0.0000084478
0.0000084478 0.0000325636 0.0000084478
0.0000090178 0.0000320374 0.0000090178
0.0000090178 0.0000320374 0.0000090178
0.0000092663 0.0000319643 0.0000092663
0.0000092663 0.0000319643 0.0000092663
0.0000089009 0.0000322859 0.0000089009
0.0000089009 0.0000322859 0.0000089009
0.0000089740 0.0000323005 0.0000089740
0.0000089740 0.0000323005 0.0000089740
0.0000090763 0.0000320666 0.0000090763
0.0000090763 0.0000320666 0.0000090763
0.0000094417 0.0000318766 0.0000094417
0.0000094417 0.0000318766 0.0000094417
0.0000086817 0.0000325490 0.0000086817
0.0000086817 0.0000325490 0.0000086817
0.0000087840 0.0000323443 0.0000087840
0.0000087840 0.0000323443 0.0000087840
0.0000084332 0.0000326367 0.0000084332
0.0000084332 0.0000326367 0.0000084332
0.0000087109 0.0000327244 0.0000087109
0.0000087109 0.0000327244 0.0000087109
0.0000086524 0.0000316866 0.0000086524
0.0000086524 0.0000316866 0.0000086524
0.0000091932 0.0000325636 0.0000091932
0.0000080970 0.0000322128 0.0000080970
0.0000080970 0.0000322128 0.0000080970
0.0000087255 0.0000324467 0.0000087255
0.0000087255 0.0000324467 0.0000087255
0.0000090763 0.0000324174 0.0000090763
0.0000090763 0.0000324174 0.0000090763
0.0000080386 0.0000320082 0.0000080386
0.0000080386 0.0000320082 0.0000080386
0.0000085355 0.0000321251 0.0000085355
0.0000085355 0.0000321251 0.0000085355
0.0000086086 0.0000324467 0.0000086086
0.0000086086 0.0000324467 0.0000086086
0.0000087401 0.0000319936 0.0000087401
0.0000087401 0.0000319936 0.0000087401
0.0000086378 0.0000323736 0.0000086378
0.0000086378 0.0000323736 0.0000086378
0.0000086671 0.0000326220 0.0000086671
0.0000086671 0.0000326220 0.0000086671
0.0000090032 0.0000328413 0.0000090032
0.0000090032 0.0000328413 0.0000090032
0.0000089155 0.0000322274 0.0000089155
0.0000089155 0.0000322274 0.0000089155
0.0000093248 0.0000324759 0.0000093248
0.0000093248 0.0000324759 0.0000093248
0.0000088278 0.0000340251 0.0000088278
0.0000088278 0.0000340251 0.0000088278
0.0000074978 0.0000343321 0.0000074978
0.0000074978 0.0000343321 0.0000074978
0.0000068109 0.0000358521 0.0000068109
0.0000068109 0.0000358521 0.0000068109
0.0000054662 0.0000376937 0.0000054662
0.0000054662 0.0000376937 0.0000054662
0.0000045162 0.0000383514 0.0000045162
0.0000040485 0.0000396375 0.0000040485
0.0000040485 0.0000396375 0.0000040485
0.0000027624 0.0000414060 0.0000027624
0.0000027624 0.0000414060 0.0000027624
0.0000012862 0.0000424730 0.0000012862
0.0000012862 0.0000424730 0.0000012862
0.0000005554 0.0000430722 0.0000005554
0.0000005554 0.0000430722 0.0000005554
-0.0000009939 0.0000429845 -0.0000009939
-0.0000009939 0.0000429845 -0.0000009939
-0.0000014908 0.0000440514 -0.0000014908
-0.0000014908 0.0000440514 -0.0000014908
-0.0000036685 0.0000451622 -0.0000036685
-0.0000036685 0.0000451622 -0.0000036685
-0.0000059193 0.0000455715 -0.0000059193
-0.0000059193 0.0000455715 -0.0000059193
-0.0000081555 0.0000466969 -0.0000081555
-0.0000081555 0.0000466969 -0.0000081555
-0.0000115609 0.0000471792 -0.0000115609
-0.0000115609 0.0000471792 -0.0000115609
-0.0000143233 0.0000464630 -0.0000143233
-0.0000143233 0.0000464630 -0.0000143233
-0.0000154049 0.0000462730 -0.0000154049
-0.0000154049 0.0000462730 -0.0000154049
-0.0000163987 0.0000454984 -0.0000163987
-0.0000163987 0.0000454984 -0.0000163987
-0.0000182110 0.0000444899 -0.0000182110
-0.0000182110 0.0000444899 -0.0000182110
-0.0000193072 0.0000432622 -0.0000193072
-0.0000213388 0.0000427068 -0.0000213388
-0.0000213388 0.0000427068 -0.0000213388
-0.0000231511 0.0000421076 -0.0000231511
-0.0000231511 0.0000421076 -0.0000231511
-0.0000250658 0.0000410552 -0.0000250658
-0.0000250658 0.0000410552 -0.0000250658
-0.0000266735 0.0000399298 -0.0000266735
-0.0000266735 0.0000399298 -0.0000266735
-0.0000282666 0.0000394914 -0.0000282666
-0.0000282666 0.0000394914 -0.0000282666
-0.0000296989 0.0000379129 -0.0000296989
-0.0000296989 0.0000379129 -0.0000296989
-0.0000302397 0.0000365975 -0.0000302397
-0.0000302397 0.0000365975 -0.0000302397
-0.0000306051 0.0000345659 -0.0000306051
-0.0000306051 0.0000345659 -0.0000306051
-0.0000314966 0.0000323590 -0.0000314966
-0.0000314966 0.0000323590 -0.0000314966
-0.0000320228 0.0000307220 -0.0000320228
-0.0000320228 0.0000307220 -0.0000320228
-0.0000312774 0.0000285881 -0.0000312774
-0.0000312774 0.0000285881 -0.0000312774
-0.0000314966 0.0000263958 -0.0000314966
-0.0000314966 0.0000263958 -0.0000314966
-0.0000312189 0.0000253581 -0.0000312189
-0.0000312189 0.0000253581 -0.0000312189
-0.0000318474 0.0000237357 -0.0000318474
-0.0000318474 0.0000237357 -0.0000318474
-0.0000302543 0.0000221865 -0.0000302543
-0.0000302543 0.0000221865 -0.0000302543
-0.0000294066 0.0000210319 -0.0000294066
-0.0000294066 0.0000210319 -0.0000294066
-0.0000289974 0.0000189711 -0.0000289974
-0.0000275066 0.0000175826 -0.0000275066
-0.0000275066 0.0000175826 -0.0000275066
-0.0000257966 0.0000162672 -0.0000257966
-0.0000257966 0.0000162672 -0.0000257966
-0.0000245104 0.0000144402 -0.0000245104
-0.0000245104 0.0000144402 -0.0000245104
-0.0000233704 0.0000140456 -0.0000233704
-0.0000233704 0.0000140456 -0.0000233704
-0.0000217188 0.0000127010 -0.0000217188
-0.0000217188 0.0000127010 -0.0000217188
-0.0000201403 0.0000116340 -0.0000201403
-0.0000201403 0.0000116340 -0.0000201403
-0.0000179772 0.0000100263 -0.0000179772
-0.0000179772 0.0000100263 -0.0000179772
-0.0000158726 0.0000090032 -0.0000158726
-0.0000158726 0.0000090032 -0.0000158726
-0.0000142795 0.0000085209 -0.0000142795
-0.0000142795 0.0000085209 -0.0000142795
-0.0000114148 0.0000086232 -0.0000114148
-0.0000114148 0.0000086232 -0.0000114148
-0.0000100117 0.0000086817 -0.0000100117
-0.0000100117 0.0000086817 -0.0000100117
-0.0000070301 0.0000083309 -0.0000070301
-0.0000070301 0.0000083309 -0.0000070301
-0.0000051301 0.0000090178 -0.0000051301
-0.0000051301 0.0000090178 -0.0000051301
-0.0000033616 0.0000105086 -0.0000033616
-0.0000033616 0.0000105086 -0.0000033616
-0.0000015346 0.0000105525 -0.0000015346
-0.0000015346 0.0000105525 -0.0000015346
0.0000009208 0.0000111079 0.0000009208
0.0000027770 0.0000122771 0.0000027770
0.0000027770 0.0000122771 0.0000027770
0.0000043555 0.0000129348 0.0000043555
0.0000043555 0.0000129348 0.0000043555
0.0000067524 0.0000148495 0.0000067524
0.0000067524 0.0000148495 0.0000067524
0.0000066939 0.0000157264 0.0000066939
0.0000066939 0.0000157264 0.0000066939
0.0000077755 0.0000178310 0.0000077755
0.0000077755 0.0000178310 0.0000077755
0.0000094855 0.0000201257 0.0000094855
0.0000094855 0.0000201257 0.0000094855
0.0000097194 0.0000222157 0.0000097194
0.0000097194 0.0000222157 0.0000097194
0.0000101871 0.0000241304 0.0000101871
0.0000101871 0.0000241304 0.0000101871
0.0000100409 0.0000270535 0.0000100409
0.0000100409 0.0000270535 0.0000100409
0.0000095878 0.0000286758 0.0000095878
0.0000095878 0.0000286758 0.0000095878
0.0000093101 0.0000305320 0.0000093101
0.0000093101 0.0000305320 0.0000093101
0.0000076878 0.0000327536 0.0000076878
0.0000076878 0.0000327536 0.0000076878
0.0000072055 0.0000350190 0.0000072055
0.0000072055 0.0000350190 0.0000072055
0.0000058755 0.0000372990 0.0000058755
0.0000058755 0.0000372990 0.0000058755
0.0000048085 0.0000390529 0.0000048085
0.0000048085 0.0000390529 0.0000048085
0.0000033177 0.0000409822 0.0000033177
0.0000033177 0.0000409822 0.0000033177
0.0000012569 0.0000420637 0.0000012569
-0.0000004823 0.0000431453 -0.0000004823
-0.0000004823 0.0000431453 -0.0000004823
-0.0000027185 0.0000446507 -0.0000027185
-0.0000027185 0.0000446507 -0.0000027185
-0.0000050716 0.0000458053 -0.0000050716
-0.0000050716 0.0000458053 -0.0000050716
-0.0000081701 0.0000465215 -0.0000081701
-0.0000081701 0.0000465215 -0.0000081701
-0.0000105963 0.0000467846 -0.0000105963
-0.0000105963 0.0000467846 -0.0000105963
-0.0000123210 0.0000459661 -0.0000123210
-0.0000123210 0.0000459661 -0.0000123210
-0.0000144695 0.0000459076 -0.0000144695
-0.0000144695 0.0000459076 -0.0000144695
-0.0000164133 0.0000453961 -0.0000164133
-0.0000164133 0.0000453961 -0.0000164133
-0.0000192488 0.0000444461 -0.0000192488
-0.0000192488 0.0000444461 -0.0000192488
-0.0000213826 0.0000440368 -0.0000213826
-0.0000213826 0.0000440368 -0.0000213826
-0.0000230927 0.0000425460 -0.0000230927
-0.0000230927 0.0000425460 -0.0000230927
-0.0000251973 0.0000415376 -0.0000251973
-0.0000251973 0.0000415376 -0.0000251973
-0.0000269512 0.0000398129 -0.0000269512
-0.0000269512 0.0000398129 -0.0000269512
-0.0000287928 0.0000388775 -0.0000287928
-0.0000287928 0.0000388775 -0.0000287928
-0.0000288658 0.0000359398 -0.0000288658
-0.0000288658 0.0000359398 -0.0000288658
-0.0000295235 0.0000339228 -0.0000295235
-0.0000308828 0.0000315989 -0.0000308828
-0.0000308828 0.0000315989 -0.0000308828
-0.0000307366 0.0000293335 -0.0000307366
-0.0000307366 0.0000293335 -0.0000307366
-0.0000314528 0.0000271412 -0.0000314528
-0.0000314528 0.0000271412 -0.0000314528
-0.0000316720 0.0000249488 -0.0000316720
-0.0000316720 0.0000249488 -0.0000316720
-0.0000315259 0.0000238527 -0.0000315259
-0.0000315259 0.0000238527 -0.0000315259
-0.0000305028 0.0000219965 -0.0000305028
-0.0000305028 0.0000219965 -0.0000305028
-0.0000309266 0.0000219965 -0.0000309266
-0.0000309266 0.0000219965 -0.0000309266
-0.0000310728 0.0000229027 -0.0000310728
-0.0000310728 0.0000229027 -0.0000310728
-0.0000307512 0.0000218211 -0.0000307512
-0.0000307512 0.0000218211 -0.0000307512
-0.0000308828 0.0000226103 -0.0000308828
-0.0000308828 0.0000226103 -0.0000308828
-0.0000307366 0.0000215580 -0.0000307366
-0.0000307366 0.0000215580 -0.0000307366
-0.0000310143 0.0000219673 -0.0000310143
-0.0000310143 0.0000219673 -0.0000310143
-0.0000304297 0.0000219088 -0.0000304297
-0.0000304297 0.0000219088 -0.0000304297
-0.0000305320 0.0000222742 -0.0000305320
-0.0000305320 0.0000222742 -0.0000305320
-0.0000309997 0.0000218942 -0.0000309997
-0.0000309997 0.0000218942 -0.0000309997
-0.0000306635 0.0000223619 -0.0000306635
-0.0000306635 0.0000223619 -0.0000306635
-0.0000302543 0.0000224788 -0.0000302543
-0.0000307512 0.0000223180 -0.0000307512
-0.0000307512 0.0000223180 -0.0000307512
-0.0000307220 0.0000224203 -0.0000307220
-0.0000307220 0.0000224203 -0.0000307220
-0.0000307951 0.0000226542 -0.0000307951
-0.0000307951 0.0000226542 -0.0000307951
-0.0000308828 0.0000222450 -0.0000308828
-0.0000308828 0.0000222450 -0.0000308828
-0.0000308828 0.0000221280 -0.0000308828
-0.0000308828 0.0000221280 -0.0000308828
-0.0000309266 0.0000226250 -0.0000309266
-0.0000309266 0.0000226250 -0.0000309266
-0.0000309120 0.0000225227 -0.0000309120
-0.0000309120 0.0000225227 -0.0000309120
-0.0000307220 0.0000226834 -0.0000307220
-0.0000307220 0.0000226834 -0.0000307220
-0.0000307951 0.0000225227 -0.0000307951
-0.0000307951 0.0000225227 -0.0000307951
-0.0000306635 0.0000226980 -0.0000306635
-0.0000306635 0.0000226980 -0.0000306635
-0.0000306489 0.0000227419 -0.0000306489
-0.0000306489 0.0000227419 -0.0000306489
-0.0000301666 0.0000224934 -0.0000301666
-0.0000301666 0.0000224934 -0.0000301666
-0.0000303566 0.0000222888 -0.0000303566
-0.0000303566 0.0000222888 -0.0000303566
-0.0000311605 0.0000225080 -0.0000311605
-0.0000311605 0.0000225080 -0.0000311605
-0.0000310436 0.0000228004 -0.0000310436
-0.0000310436 0.0000228004 -0.0000310436
-0.0000304443 0.0000226103 -0.0000304443
-0.0000306051 0.0000223911 -0.0000306051
-0.0000306051 0.0000223911 -0.0000306051
-0.0000306343 0.0000225811 -0.0000306343
-0.0000306343 0.0000225811 -0.0000306343
-0.0000314089 0.0000230780 -0.0000314089
-0.0000314089 0.0000230780 -0.0000314089
-0.0000310582 0.0000226542 -0.0000310582
-0.0000310582 0.0000226542 -0.0000310582
-0.0000307074 0.0000225373 -0.0000307074
